

BCHT
num_keys,load_factor,insert_8,find_8_100,find_8_50,find_8_0,insert_16,find_16_100,find_16_50,find_16_0,insert_32,find_32_100,find_32_50,find_32_0,
512000,0.6,2.16828,1.02304,1.07875,1.13918,2.10107,1.00416,1.02143,1.03884,2.09291,1.00029,1.00244,1.00456,
512000,0.7,2.29528,1.05092,1.17039,1.29746,2.15405,1.01422,1.0707,1.12575,2.11705,1.00252,1.01885,1.03461,
512000,0.8,2.53369,1.10467,1.33814,1.58264,2.2745,1.04064,1.19248,1.33607,2.17221,1.01261,1.08711,1.15664,
512000,0.9,3.044,1.21847,1.63431,2.0743,2.58081,1.10889,1.47107,1.81555,2.34599,1.04993,1.31405,1.55711,
512000,0.95,-1.95313e-06,-1.95313e-06,-1.95313e-06,-1.95313e-06,3.6344,1.34229,1.88059,2.45315,2.95332,1.18867,1.72732,2.24907,2.58487,1.10061,1.5785,2.02388,
512000,0.99,-1.95313e-06,-1.95313e-06,-1.95313e-06,-1.95313e-06,-1.95313e-06,-1.95313e-06,-1.95313e-06,-1.95313e-06,3.92107,1.37319,2.08623,2.79772,3.234,1.22543,1.98658,2.71146,



P2BHT
num_keys,load_factor,insert_16,find_16_100,find_16_50,find_16_0,insert_32,find_32_100,find_32_50,find_32_0,
512000,0.6,4.11599,1.32595,1.67094,2,4.12186,1.33411,1.6712,2,
512000,0.7,4.13399,1.32772,1.67083,2,4.14184,1.3353,1.67133,2,
512000,0.8,4.15211,1.32938,1.67097,2,4.16224,1.33605,1.67128,2,
512000,0.9,-1.95313e-06,-1.95313e-06,-1.95313e-06,-1.95313e-06,4.18258,1.33607,1.67085,2,
512000,0.95,-1.95313e-06,-1.95313e-06,-1.95313e-06,-1.95313e-06,-1.95313e-06,-1.95313e-06,-1.95313e-06,-1.95313e-06,
512000,0.99,-1.95313e-06,-1.95313e-06,-1.95313e-06,-1.95313e-06,-1.95313e-06,-1.95313e-06,-1.95313e-06,-1.95313e-06,